image_width: 1920
image_height: 1080
camera_name: camera/left
camera_matrix:
  rows: 3
  cols: 3
  data: [ 1490.71248,     0.     ,   851.8069 ,
             0.     ,  1499.02264,   598.06496,
             0.     ,     0.     ,     1.     ]
camera_model: plumb_bob
distortion_coefficients:
  rows: 1
  cols: 5
  data: [-0.100333, -0.110231, 0.002877, -0.001634, 0.000000]
rectification_matrix:
  rows: 3
  cols: 3
  data: [ 0.98566363,  0.0115638 , -0.16832551,
         -0.01296097,  0.99989005, -0.00720405,
          0.1682237 ,  0.00928243,  0.98570514]
projection_matrix:
  rows: 3
  cols: 4
  data: [ 1650.95996,     0.     ,  1188.9062 ,     0.     ,
             0.     ,  1650.95996,   610.1366 ,     0.     ,
             0.     ,     0.     ,     1.     ,     0.     ]
