image_width: 1920
image_height: 1080
camera_name: camera/right
camera_matrix:
  rows: 3
  cols: 3
  data: [ 1515.46173,     0.     ,   902.89999,
             0.     ,  1529.18054,   572.50391,
             0.     ,     0.     ,     1.     ]
camera_model: plumb_bob
distortion_coefficients:
  rows: 1
  cols: 5
  data: [-0.102715, -0.092706, 0.005198, -0.007646, 0.000000]
rectification_matrix:
  rows: 3
  cols: 3
  data: [ 0.98198275,  0.01357389, -0.18848244,
         -0.01200705,  0.99988324,  0.00945231,
          0.18858874, -0.00701889,  0.98203107]
projection_matrix:
  rows: 3
  cols: 4
  data: [ 1650.95996,     0.     ,  1188.9062 ,  -203.8439 ,
             0.     ,  1650.95996,   610.1366 ,     0.     ,
             0.     ,     0.     ,     1.     ,     0.     ]
