[LEFT_CAM_2K]
fx=1400
fy=1400
cx=1104
cy=621
k1=-0.165
k2=0
k3=0
p1=0
p2=0

[RIGHT_CAM_2K]
fx=1400
fy=1400
cx=1104
cy=621
k1=0
k2=0
k3=0
p1=0
p2=0

[LEFT_CAM_FHD]
fx=1400
fy=1400
cx=960
cy=540
k1=-0.165
k2=0
k3=0
p1=0
p2=0

[RIGHT_CAM_FHD]
fx=1400
fy=1400
cx=960
cy=540
k1=0
k2=0
k3=0
p1=0
p2=0

[LEFT_CAM_HD]
fx=700
fy=700
cx=638.5
cy=358.5
k1=-0.165
k2=0
k3=0
p1=0
p2=0

[RIGHT_CAM_HD]
fx=700
fy=700
cx=638.5
cy=358.5
k1=0
k2=0
k3=0
p1=0
p2=0

[LEFT_CAM_VGA]
fx=350
fy=350
cx=334.75
cy=186.75
k1=-0.165
k2=0
k3=0
p1=0
p2=0

[RIGHT_CAM_VGA]
fx=350
fy=350
cx=334.75
cy=186.75
k1=0
k2=0
k3=0
p1=0
p2=0

[STEREO]
Baseline=120
TY=0
TZ=0
CV_2K=-0.00031
CV_FHD=-0.00031
CV_HD=-0.00031
CV_VGA=-0.00031
RX_2K=0
RX_FHD=0
RX_HD=0
RX_VGA=0
RZ_2K=0
RZ_FHD=0
RZ_HD=0
RZ_VGA=0

